0.077215
0.06792
0.219504
0.335131
0.606469
0.102389
0.038109
0.023205
0.177732
0.386994
0.215058
0.172127
0.137096
0.127483
0.337602
0.137523
0.19223
0.444583
0.05367
0.218824
0.263653
0.106491
0.259438
0.592838
0.16755
0.061799
0.041489
0.298306
0.113231
0.345635
0.067328
0.083573
0.069125
0.120423
0.09356
0.150093
0.075162
0.439337
0.147873
0.16901
0.03744
0.033205
0.038255
0.034863
0.085501
0.087528
0.255197
0.037277
0.147469
0.109785
0.178996
0.357578
0.176229
0.561259
0.108144
0.138178
0.339476
0.076821
0.246408
0.037525
0.031234
0.103951
0.350123
0.063174
0.397449
0.061746
0.100289
0.340722
0.216954
0.053225
0.188974
0.04247
0.346777
0.036573
0.034359
0.031122
0.031321
0.13329
0.414186
0.183157
0.130606
0.125299
0.365327
0.391617
0.326969
0.256949
0.032642
0.038818
0.045779
0.258399
0.314278
0.235553
0.205898
0.405247
0.537647
0.546547
0.037922
0.050333
0.031202
0.561948
0.039068
0.132229
0.25951
0.566702
0.2539
0.352323
0.139328
0.020173
0.217706
0.139693
0.11525
0.321554
0.056685
0.166287
0.086358
0.515573
0.286032
0.673971
0.050802
0.15393
0.093674
0.062773
0.039027
0.043044
0.058759
0.113386
0.0648
0.181846
0.199164
0.484843
0.223122
0.604855
0.462517
0.039208
0.328946
0.115873
0.444207
0.312
0.263546
0.123155
0.092756
0.218659
0.081752
0.104924
0.202076
0.041948
0.116438
0.04598
0.036557
0.420669
0.09826
0.040869
0.15975
0.183958
0.201725
0.172095
0.10015
0.05616
0.104788
0.047717
0.296196
0.399469
0.081609
0.655754
13.35308
0.038662
0.213175
0.181497
0.232361
0.552467
0.042908
0.124389
0.103513
0.033909
0.132574
0.242799
0.566718
0.306431
0.101192
0.209975
0.064435
0.029218
0.284289
0.064284
0.033251
0.544719
0.526515
0.3443
0.345414
0.027854
0.021468
0.159603
0.259206
0.347479
0.562982
0.175856
0.033091
0.123429
0.183217
0.276033
0.239838
0.108182
0.11817
0.117363
0.040146
0.022534
0.034267
0.036842
0.061324
0.049515
0.467179
0.024224
0.392069
0.288723
0.210672
0.025795
0.375964
0.246718
0.692277
0.351643
0.159868
0.135368
0.08693
0.781668
0.234798
0.04704
0.593441
0.593662
0.819566
0.974179
0.163505
0.086794
0.738402
0.391763
0.077837
0.047765
0.367607
0.142557
0.047984
0.317327
0.172564
0.064172
0.307608
0.327478
0.054598
0.264427
0.22462
0.085132
0.140863
0.13506
0.099073
0.279926
0.537817
0.697082
0.50924
0.39153
0.563386
0.097578
0.253731
0.172476
0.074066
0.076205
0.316214
0.39769
0.449633
0.08761
0.29625
0.154556
0.06299
0.317781
0.04617
0.421248
0.228443
0.025021
0.736845
0.437677
0.109539
0.044972
0.27068
0.08865
0.026096
0.099523
0.561869
0.700972
0.045237
0.155869
0.139961
0.130969
0.126259
0.163407
0.055087
0.043238
0.226637
0.327052
0.040503
0.100151
0.552474
0.033928
0.123922
0.026007
0.16333
0.043386
0.050161
0.120378
0.033608
0.112389
0.132114
0.083551
0.266058
0.336249
0.346794
0.298904
0.039998
0.491663
0.126674
0.154508
0.405545
0.405883
0.26713
0.088119
0.13301
0.088901
0.093359
0.037583
0.220267
0.040968
0.164695
0.060902
0.052723
0.425689
0.450304
0.257023
0.312219
0.063178
0.045418
0.169454
0.200003
0.153883
0.317486
0.55476
0.037727
0.399459
0.206595
0.11626
0.284281
0.297652
0.175606
0.21727
0.040716
0.028187
0.736644
0.423677
0.220854
0.08077
0.328503
0.533507
0.183181
0.041954
0.664538
0.310636
0.0672
0.050906
0.397628
0.529618
0.525926
0.356896
0.05561
0.338019
0.039676
0.906604
0.10564
0.326805
0.07205
0.492304
0.217911
0.110489
0.075094
0.047898
0.060117
0.303469
0.249919
0.121612
0.039046
0.234294
0.094728
0.022728
0.402118
0.242671
0.220072
0.098927
0.658463
0.052671
0.540677
0.253702
0.039796
0.330075
0.045576
0.102338
0.189145
0.07283
0.191799
0.514808
0.235585
0.047147
0.270502
0.211495
0.44435
0.560349
0.042379
0.034583
0.087754
0.175477
0.301687
0.195608
0.279004
0.409433
0.142145
0.155663
0.041795
0.245791
0.360475
0.165904
0.439118
0.376921
0.159434
0.150991
0.243442
0.181798
0.094276
0.109039
0.118022
0.208112
0.210667
0.182099
0.095992
0.037789
0.204815
0.384134
0.421776
0.566576
0.412341
0.264902
0.065158
0.034231
0.088376
0.354844
0.181059
0.03887
0.610487
0.038169
0.257803
0.0938
0.045787
0.25284
0.201967
0.397316
0.084683
0.070979
0.226256
0.156787
0.133467
0.237568
0.055137
0.118167
0.228249
0.367743
0.213759
0.103471
0.139238
0.254717
0.356992
0.2903
0.21489
0.0207
0.406203
0.186723
0.393059
0.164687
0.099924
0.242915
0.13542
0.064674
0.076823
0.328556
0.385824
0.665295
0.147143
0.778245
0.027717
0.414553
0.122036
0.124254
0.183625
0.210468
0.376625
0.266105
0.045493
0.083321
0.499345
0.157467
0.255612
0.745436
0.25787
0.194057
0.208046
0.07296
0.289316
0.164242
0.721375
0.684737
0.178914
0.338817
0.187225
0.289401
0.113451
0.151302
0.138503
0.425364
0.524208
0.068191
0.183168
0.196249
0.085679
0.801553
0.219994
0.679993
0.520892
0.178853
0.061832
0.057705
0.064173
0.23419
0.328293
0.203049
0.029699
0.207032
0.067855
0.230134
0.473476
0.221361
0.064993
0.381547
0.038376
0.039016
0.222437
0.094616
0.054432
0.616432
0.099497
0.260764
0.45552
0.085751
0.523665
0.502835
0.072169
0.264763
0.728672
0.140485
0.065144
0.865389
0.618727
0.105314
0.161701
0.032166
0.023615
0.090248
0.289392
0.471144
0.061429
0.111545
0.181466
0.228634
0.328693
0.093753
0.076787
0.814914
0.295832
0.07748
0.041745
0.034982
0.162494
0.276814
0.521115
0.170561
0.089874
0.381648
0.395099
0.092567
0.487999
0.043284
0.368448
0.48881
0.040853
0.030446
0.18469
0.042846
0.033531
0.397249
0.457897
0.93493
0.204548
0.043517
0.19249
0.5379
0.185355
0.241716
0.226959
0.056148
0.566452
0.998962
0.322715
0.040748
0.597798
0.37867
0.044862
0.353854
0.215597
0.193991
0.248791
0.412387
0.142256
0.097194
0.032267
0.087595
0.488857
0.404257
0.387161
0.193384
0.053811
0.075491
0.171687
0.096565
0.174806
0.265781
0.232314
0.039226
0.138703
0.235528
0.455935
0.043485
0.116833
0.052456
0.126158
0.166303
0.31596
0.124583
0.037463
0.162904
0.190886
0.093409
0.041205
0.073215
0.254699
0.164486
0.386055
0.091861
0.078262
0.106555
0.081415
0.100673
0.042787
0.220626
0.316027
0.054489
0.305858
0.141242
0.35399
0.175135
0.077497
0.349491
0.103709
0.041971
0.289999
0.219599
0.039842
0.583775
0.219902
0.086058
0.034298
0.45002
0.327717
0.024065
0.109507
0.306815
0.483536
0.247555
0.094854
0.31044
0.269748
0.153983
0.032881
0.056437
0.394257
0.264128
0.165524
0.071707
0.037116
0.062209
0.036145
0.018725
0.555951
0.124491
0.050387
0.071726
0.268282
0.188223
0.039751
0.087422
0.056755
0.141216
0.291047
0.409861
0.158997
0.169251
0.280878
0.166918
0.039755
0.384283
0.21984
0.055394
0.14008
0.556089
0.128343
0.372639
0.214347
0.191071
0.138692
0.149622
0.556104
0.557296
0.074111
0.323721
0.0704
0.480564
0.04112
0.554708
0.053185
0.039646
0.357065
0.039383
0.064423
0.040577
0.489998
0.268066
0.169167
0.085658
0.197127
0.49485
0.08964
0.089374
0.06984
0.242934
0.135221
0.059488
0.42619
0.067821
0.053165
0.559925
0.150117
0.19429
0.058464
0.055229
0.088519
0.353358
0.199419
0.318414
0.090391
0.028404
0.064312
0.402342
0.070884
0.344267
0.131138
0.376292
0.424533
0.17645
0.08787
0.122564
0.103434
0.063877
0.209144
0.239639
0.024087
0.660731
0.648031
0.124419
0.072528
0.316543
0.031216
0.04967
0.045161
0.192105
0.055113
0.65121
0.361245
0.170807
0.083406
0.125112
0.226774
0.374821
0.041235
0.035249
0.050426
0.302156
0.339633
0.444921
0.232981
0.038896
0.05651
0.035919
0.475483
0.159799
0.054717
0.35132
0.08358
0.136066
0.023062
0.234117
0.200485
0.242193
0.282402
0.383499
0.123196
0.045771
0.147139
0.152113
0.051715
0.928341
0.056759
0.271358
0.046168
0.130269
0.343928
0.742149
0.043276
0.098014
0.488323
0.191297
0.37943
0.801299
0.371981
0.46018
0.133607
0.280787
0.071136
0.388041
0.08093
0.09026
0.095217
0.272312
0.21642
0.189683
0.078736
0.782095
0.489229
0.491815
0.051011
0.349209
0.043665
0.257637
0.106019
0.173861
0.376603
0.217381
0.40984
0.191672
0.378022
0.155223
0.68232
0.234593
0.597941
0.056144
0.0392
0.239657
0.069124
0.241186
0.050135
0.073367
0.860432
0.894214
0.501465
0.346472
0.098829
0.185646
0.298142
0.10266
0.259426
0.430287
0.069455
0.070877
0.314963
0.06083
0.090559
0.306791
0.17598
0.10592
0.24063
0.06754
0.035865
0.117761
0.502752
0.513048
0.096972
0.481006
0.183038
0.142874
0.039388
0.675859
0.08551
0.380083
0.095111
0.993672
0.323059
0.669657
0.078807
0.071992
0.657961
0.332545
0.085857
0.368445
0.716197
0.211192
0.04187