0.066771
0.170995
0.059199
0.155305
0.007761
0.108122
0.096
0.001813
0.195964
0.087862
0.065294
0.055318
0.0852
0.094622
0.025437
0.044432
6.32E-4
0.042798
0.12868
0.040806
0.006716
0.027188
0.179591
0.00161
7.07E-4
0.046319
0.115922
0.1702
0.168199
0.001047
0.037559
7.66E-4
0.140329
0.146174
0.020955
0.070858
7.99E-4
0.00104
0.038691
7.62E-4
0.0639
0.007306
0.007284
0.072053
0.009342
0.080939
0.081704
0.257253
0.135579
0.039527
0.100362
0.013463
0.028981
0.04208
0.017402
0.001506
0.033059
0.156084
0.048164
0.039974
0.001336
0.026107
0.008289
0.020664
0.190867
0.162875
0.185255
0.001173
0.158524
0.070716
0.049233
0.107022
0.020557
0.100598
0.072778
0.041186
0.008861
0.001211
0.023929
0.016431
0.033306
0.251172
0.054941
0.127723
0.014591
0.025263
0.078296
0.021193
0.005503
0.080379
0.01048
0.001106
0.144017
0.020157
0.012129
0.165701
0.104276
0.143346
0.13574
0.001006
0.112911
0.126544
0.030186
0.071351
0.005447
0.015115
0.00798
0.111238
0.016103
0.002348
0.119228
0.010517
0.094766
0.012302
0.017009
0.090008
0.086863
0.049247
0.060342
0.166462
0.039283
0.084705
0.06329
0.023128
0.035521
0.075959
0.012398
0.00253
0.017498
0.085877
0.016651
1.59E-4
0.184331
0.091266
0.029796
3.2E-4
0.109365
0.084382
0.071753
0.003006
0.009404
0.095877
0.016371
0.100571
0.052281
0.010939
0.022868
0.035098
0.051444
6.28E-4
0.005318
0.011755
0.019619
0.074965
0.033705
0.017944
0.029556
0.181957
0.037227
0.010606
3.03E-4
0.035112
0.021905
0.01077
0.003146
0.023963
0.048134
0.075354
0.01286
0.142485
0.032368
0.051729
0.055847
0.072223
0.15254
0.097356
4.06E-4
0.01111
0.050148
0.01435
0.018196
0.045535
0.034902
0.019697
0.046276
0.056964
0.05691
0.076972
0.05883
0.060972
0.003931
0.1828
0.063986
0.028789
0.003088
0.098662
0.128029
0.101617
0.040444
0.193944
0.034797
0.006759
0.052954
0.046921
0.034699
0.033235
0.037664
3.01E-4
0.028073
4.56E-4
1.07E-4
0.015884
0.07464
0.014236
0.01712
4.46E-4
0.013635
1.79E-4
0.010857
0.110781
0.091679
0.00345
0.01476
0.021117
0.078418
0.141194
0.115358
0.002903
0.036372
4.89E-4
0.016301
0.010656
0.002747
0.177332
0.195118
4.59E-4
0.047842
0.076005
0.017081
0.161581
0.26783
0.196659
0.025218
0.120542
0.025175
0.011681
0.009922
0.163663
0.006313
0.078207
0.025048
0.027379
0.096079
0.052922
0.029057
0.060764
0.013663
0.014473
0.087642
0.030418
0.084709
0.055658
0.027225
0.006111
0.013663
0.017845
0.060135
0.051888
0.059677
0.022877
0.012106
0.058665
0.012935
0.094737
0.039829
0.123943
0.028673
0.008131
0.029902
0.054174
0.018199
0.125661
0.064082
0.021176
0.106164
0.045831
0.004883
0.111516
0.084461
0.055636
0.01318
0.136981
0.088537
4.0E-4
1.54E-4
0.003692
0.027689
0.031335
0.014297
0.028317
0.023893
0.008896
0.105329
0.149894
0.018068
0.006838
0.076932
0.157397
0.099878
0.004936
1.98E-4
0.130419
0.173455
0.005276
0.111801
0.004311
0.00803
0.009972
0.04533
0.016588
0.034554
0.006002
0.126929
0.022344
0.081054
0.036982
0.116163
0.014016
2.1E-4
0.004343
4.47E-4
0.020024
0.076866
0.122477
0.133814
0.030298
0.03606
0.099968
0.054872
0.011624
0.003424
0.0047
0.054101
0.023776
0.038383
0.004193
0.095819
0.061075
0.141128
0.046417
0.004453
0.01307
0.025815
0.047424
0.011818
0.013263
0.05556
3.8E-4
0.111125
0.04323
0.088397
0.047168
0.005005
0.039324
0.105346
0.032313
0.033569
0.015774
0.055219
0.142077
0.001585
0.104917
0.071585
0.012263
0.002761
0.006265
0.02781
0.001711
0.043512
0.052884
0.048279
0.05394
0.017496
0.119865
0.02061
0.096686
0.050636
0.054275
1.52E-4
0.142624
0.002472
0.00793
0.106948
0.020007
0.023048
0.087088
0.008658
0.005156
0.015
0.037246
0.122788
0.034324
0.024184
0.049338
0.03626
0.031517
0.06648
0.054913
0.015731
0.015827
0.037695
0.004104
0.125591
0.017402
0.010962
3.69E-4
0.018516
0.074491
0.006877
0.111005
0.026857
0.13571
0.077416
4.96E-4
0.006641
4.11E-4
0.004195
0.032071
0.003243
0.014534
0.003856
4.29E-4
0.068216
0.03616
0.047718
0.124624
0.101622
3.81E-4
0.070874
0.047664
0.124412
0.037718
0.089603
0.042644
0.006221
0.043801
0.016922
0.034094
5.04E-4
2.06E-4
0.018952
0.081158
0.067241
0.051658
0.021843
0.017497
0.032208
0.103682
0.005049
0.031274
0.013976
0.048797
0.102916
0.010749
0.012557
0.059544
3.8E-4
1.65E-4
0.064106
0.082773
0.020179
0.007433
0.018039
0.14944
0.09297
0.186353
0.026786
0.023764
0.008229
0.044038
0.205818
0.120691
0.021872
0.01938
0.067418
0.107937
0.004476
0.027963
0.006654
0.073678
2.19E-4
0.137371
4.98E-4
0.015821
0.015267
0.125998
0.163202
0.054282
0.029289
0.066301
5.63E-4
6.51E-4
0.053135
0.25141
0.024548
4.3E-4
0.160487
0.005279
0.011358
0.10796
0.033038
0.109842
0.034888
0.025899
0.013363
0.034178
5.36E-4
0.173697
0.006129
0.010473
0.042198
0.040431
0.106733
0.011676
0.163966
0.016852
0.005346
0.005828
0.180545
0.114172
0.003207
0.159344
5.09E-4
2.81E-4
0.007435
0.04452
0.048748
0.246122
0.089192
0.008334
0.045085
0.00566
4.75E-4
0.176455
4.32E-4
0.214548
4.13E-4
0.1435
0.005328
0.072676
0.011585
0.03092
0.027587
0.024818
0.025766
0.179912
0.019673
0.08442
0.013522
0.132892
0.10644
0.017878
0.006842
0.135212
0.210243
0.089627
0.152241
0.0011
2.07E-4
0.003905
0.060666
0.239215
4.69E-4
0.094178
0.069818
0.026186
0.057094
0.166063
0.03219
0.095044
0.101725
4.88E-4
0.010006
6.02E-4
0.08957
0.054077
0.098674
0.196702
0.050814
0.006818
0.059485
0.241011
0.032677
0.01391
0.061682
4.64E-4
0.049132
0.071648
0.006407
0.187643
0.102107
0.034232
0.009867
0.056305
0.008928
0.1741
0.006323
0.032719
0.085721
0.01365
0.130076
0.020038
0.022179
0.033352
0.013379
0.169441
0.035315
3.84E-4
0.097974
0.104428
0.068659
0.047389
0.079584
0.096266
0.009118
0.1167
0.100959
0.031952
0.038283
0.051251
3.16E-4
5.98E-4
0.003691
0.039937
3.97E-4
0.003985
0.07445
0.004885
0.016769
0.079093
0.012411
0.013034
0.028993
0.019697
0.141321
0.092646
0.198783
0.130856
0.022303
0.108215
0.029979
0.124123
0.012947
0.03102
0.004799
0.062567
0.079754
0.002699
5.12E-4
0.134187
0.013713
0.074759
0.013755
0.156262
0.005544
4.48E-4
0.09956
0.006507
0.048448
0.038003
0.062995
0.009428
0.009697
0.077383
0.04248
0.028161
0.059192
0.006322
0.128182
0.054262
5.33E-4
1.29E-4
0.103451
0.008466
0.064194
0.006408
0.088525
0.013271
0.018638
0.018511
0.00669
0.094118
0.014677
0.016158
0.048298
0.037192
0.00841
1.63E-4
0.058827
5.89E-4
0.127362
3.47E-4
7.31E-4
1.97E-4
0.005753
0.029434
0.16412
0.028676
0.121596
0.144826
0.004724
0.093561
5.79E-4
2.82E-4
0.00807
0.030998
0.004394
1.69E-4
0.037908
0.042601
0.053892
1.81E-4
0.135278
0.017126
0.093028
0.006751
0.039924
0.038839
0.104119
0.099722
0.042903
0.002692
0.073311
3.85E-4
0.01656
0.025034
0.018959
0.096004
0.007774
0.098323
0.19972
0.02967
4.05E-4
0.080139
0.04708
0.01213
0.025319
0.072522
0.131008
0.004574
0.059666
0.040511
0.072971
0.005131
0.071549
0.070339
0.062836
0.004705
1.76E-4
0.010457
0.190465
0.083258
0.013696
0.051372
0.126497
4.74E-4
0.017847
0.134539
0.068261
0.015719
0.027749
0.003807
0.023949
5.05E-4
0.076059
0.092708
0.060725
0.112661
6.26E-4
0.041498
0.098799
4.08E-4
1.54E-4
0.018234
0.156083
0.047462
0.030736
0.072595
0.005136
0.092036
0.007276
0.001402
0.003949
0.005768
0.109473
0.134909
0.007903
0.007247
0.030493
0.067798
0.085453
0.011116
0.019172
0.044521
0.033498
0.027609
0.008639
3.99E-4
0.040652
0.157542
0.06659
0.008553
0.036874
0.002732
0.003193
0.038602
0.035752
0.056882
0.016313
0.004596
0.014405
0.006377
0.01105
0.078744
0.041968
0.046611
0.129275
0.021462
0.191977
0.057649
3.15E-4
0.111177
0.067028
0.15638
0.026994
4.81E-4
0.030009
0.115087
0.004482
0.05124
0.05761
0.069141
0.282186
0.041428
0.006444
0.00871
0.067262
3.33E-4
0.115041
0.007254
3.2E-4
0.152799
0.142426
0.01184
0.03509
0.184495
4.03E-4
0.166541
0.065775
0.072701
0.037759
0.020454
0.097137
0.005079
1.09E-4
0.017463
0.024378
3.45E-4
0.002677
1.3E-4
0.008458
0.026797
0.019678
0.115884
0.097873
3.04E-4
0.110557
0.072127
3.17E-4
0.002201
0.05246
0.016564
0.144311
0.020461
0.10272
8.47E-4
0.151765
0.015507
0.164348
0.054092
0.108152
0.038618
0.146383
0.008576
0.066269
0.011943
0.037748
0.003163
0.013464
0.145819
3.24E-4
0.071462
0.151662
0.0785
0.151512
0.046216
0.076702
0.021221
3.07E-4
0.041925
0.027006
0.048963
0.166602
0.105582
0.04141
0.016054
0.050458
0.103853
0.051904
0.033431
1.7E-4
0.065502
2.61E-4
0.049858
0.008841
0.044416
0.06364
0.026535
0.008777
0.045316
0.182402
0.004779
0.16