0.3
0.3544754
0.3
0.80878067
0.3
0.5345096
0.3
0.96113753
0.6548276
0.44069546
0.4597612
0.3
0.3
0.5596788
0.5496413
0.3
0.53009
0.3
0.3
0.6949159
0.3
0.9790108
0.71793735
0.51114756
0.7740366
0.3
0.3
0.5906536
0.3
0.3
0.31270272
0.7600051
0.3
0.3
0.6058345
0.9463606
0.38955736
1.1827704
0.3
0.46978256
0.56104887
0.3
0.32866743
0.47656494
0.60063845
0.3
0.49033368
0.3
0.3
0.5516519
0.94112074
0.3
0.35008386
0.3
0.3
0.54569346
0.3
0.3
0.3
0.520047
0.3
0.9567971
0.43670705
0.3
0.3
0.3
0.3
0.470898
0.76877576
0.3
0.3
0.3
0.3
0.3
0.5298105
0.3
0.5709645
0.48920092
0.3
0.9107912
0.88444906
0.7864212
0.3
0.4281634
0.3
0.3
0.3
0.49613112
0.3
0.34234485
0.3
0.59813887
0.3
0.3
0.3
0.6801418
0.7136192
0.3
0.9670893
0.3
0.3
0.32097882
0.3
0.3
0.3
0.64131373
0.645832
0.6122925
0.477467
0.3
0.8131851
0.72003937
0.5315782
0.3
0.7333831
0.64633083
0.3
0.35339373
0.79173523
0.3
0.3
0.475677
0.3
0.34795886
0.37037948
0.3
0.44351834
0.49371198
0.80098253
0.3
0.3
0.30321065
0.4934581
0.94194764
0.3
0.46152896
0.36404315
0.3579874
0.3
0.3884037
0.3
0.94089454
0.42427418
0.5765787
0.3
0.3
0.630151
0.58691627
0.5713978
0.97857916
0.3
0.3
0.5145458
0.6189644
0.3
0.3
0.530801
0.3
0.88703394
0.6405524
0.76369786
0.3
0.3
0.3
0.3
0.45942232
0.3
0.3
0.96259874
0.80826503
0.41826195
0.5188424
0.3
0.46509442
0.3
0.52442455
0.3
0.3
0.3
0.3
0.3
0.3
0.5864443
0.3
0.8814784
0.3
0.3
0.3
0.3
0.3
0.47865114
0.3
0.3
0.3
1.1705528
0.3
0.3
0.3
0.3
0.3
0.3
0.5711487
0.9970872
0.3
0.3
0.3
0.89307714
0.3
0.879244
0.3
0.3
0.6847175
0.3
0.3
0.3
0.57508665
0.7104461
0.9226211
0.3
0.85089296
0.9013686
0.3
0.46928993
0.3
0.89947575
0.9299904
0.3
0.4068882
0.3
0.3
0.3
0.5228906
0.3
0.5292476
0.9769904
0.3
0.5509816
0.3
0.3
0.3
0.89705217
0.6268196
0.8740099
0.4480806
0.87246764
0.64362806
0.3
0.47982273
0.3
0.68826526